ALGO = Fast
DIPOL = 0.5028799682 0.5033912555 0.5016617848
EDIFF = 0.0001
EDIFFG = -0.05
ENCUT = 500
GGA = PE
IBRION = 2
ICHARG = 1
IDIPOL = 3
ISIF = 0
ISMEAR = 0
ISPIN = 2
ISTART = 1
ISYM = 0
LDAU = True
LDAUJ = 0 0 0 0
LDAUL = 0 2 0 0
LDAUPRINT = 1
LDAUTYPE = 2
LDAUU = 0 5.3 0 0
LDIPOL = True
LMAXMIX = 4
LORBIT = 11
LREAL = False
LVTOT = True
LWAVE = True
MAGMOM = 32*0.6 16*5.0 50*0.6
NCORE = 4
NELM = 60
NELMIN = 8
NSW = 300
PREC = Accurate
SIGMA = 0.05
SYMPREC = 1e-10
