ALGO = Normal
DIPOL = 0.4921910405 0.4841832227 0.5016447791
EDIFF = 0.0001
EDIFFG = -0.05
ENCUT = 500
GGA = PE
IBRION = 2
ICHARG = 1
IDIPOL = 3
ISIF = 0
ISMEAR = 0
ISPIN = 2
ISTART = 1
ISYM = 0
LDIPOL = True
LORBIT = 11
LREAL = False
LVTOT = True
LWAVE = True
MAGMOM = 68*0.6
NCORE = 4
NELM = 60
NELMIN = 8
NSW = 300
PREC = Accurate
SIGMA = 0.05
SYMPREC = 1e-10
