ALGO = Fast
DIPOL = 0.4374851819 0.3216422892 0.5009853549
EDIFF = 0.0001
EDIFFG = -0.05
ENCUT = 500
GGA = PE
IBRION = 2
ICHARG = 1
IDIPOL = 3
ISIF = 0
ISMEAR = 0
ISPIN = 2
ISTART = 1
ISYM = 0
LDIPOL = True
LORBIT = 11
LREAL = False
LVTOT = True
LWAVE = True
MAGMOM = 16*0.6 8*5.0 24*0.6
NCORE = 4
NELM = 60
NELMIN = 8
NSW = 300
PREC = Accurate
SIGMA = 0.05
SYMPREC = 1e-10
